Intercept	*	0.9208	0.039	23.826	0.00000000	0.845	0.997
P	*	2.54E+05	1.26E+05	2.013	0.04400000	6637.855	5.01E+05
QRS	*	1.55E+07	2.63E+06	5.865	0.00000000	1.03E+07	2.06E+07
P*QRS	*	-2.64E+08	6.95E+07	-3.795	0.00000000	-4.00E+08	-1.28E+08
T	*	2.12E+06	3.51E+05	6.025	0.00000000	1.43E+06	2.80E+06
P*T	*	-5.75E+07	1.36E+07	-4.219	0.00000000	-8.43E+07	-3.08E+07
QRS:T		-1.36E+08	1.13E+08	-1.204	0.22800000	-3.57E+08	8.52E+07
P:QRS:T		-6.21E+04	4.42E+04	-1.404	0.16000000	-1.49E+05	2.46E+04
PQRS	*	-4.12E+06	2.05E+06	-2.012	0.04400000	-8.13E+06	-1.07E+05
P:PQRS		362.4581	3433.367	0.106	0.91600000	-6366.817	7091.733
QRS:PQRS		-1.76E+06	4.82E+07	-0.036	0.97100000	-9.63E+07	9.28E+07
P:QRS:PQRS		2.60E+09	1.43E+09	1.821	0.06900000	-1.99E+08	5.41E+09
T:PQRS		1.37E+08	1.16E+08	1.182	0.23700000	-8.99E+07	3.63E+08
P:T:PQRS		4.85E+08	2.66E+08	1.821	0.06900000	-3.70E+07	1.01E+09
QRS:T:PQRS		8.00E+04	5.04E+04	1.587	0.11200000	-1.88E+04	1.79E+05
P:QRS:T:PQRS		-5522.7809	2.63E+05	-0.021	0.98300000	-5.21E+05	5.10E+05
QRST	*	-1.15E+07	1.91E+06	-6.025	0.00000000	-1.52E+07	-7.76E+06
P*QRST	*	2.66E+08	7.06E+07	3.769	0.00000000	1.28E+08	4.05E+08
QRS:QRST		-1.09E+07	3.84E+07	-0.283	0.77700000	-8.61E+07	6.44E+07
P:QRS:QRST		8.50E+04	9.36E+04	0.909	0.36400000	-9.84E+04	2.68E+05
T:QRST		4297.7507	2501.447	1.718	0.08600000	-604.995	9200.496
P:T:QRST		1.14E+08	1.24E+08	0.916	0.36000000	-1.30E+08	3.57E+08
QRS:T:QRST		1.83E+09	2.00E+09	0.916	0.36000000	-2.09E+09	5.74E+09
P:QRS:T:QRST		4.72E+05	3.98E+05	1.184	0.23600000	-3.09E+05	1.25E+06
PQRS:QRST		1.27E+07	5.87E+07	0.217	0.82800000	-1.02E+08	1.28E+08
P:PQRS:QRST		-2.64E+09	1.45E+09	-1.821	0.06900000	-5.47E+09	2.01E+08
QRS*PQRS*QRST	*	-61.6473	13.239	-4.656	0.00000000	-87.596	-35.699
P:QRS:PQRS:QRST		-4252.35	1.65E+04	-0.258	0.79600000	-3.65E+04	2.80E+04
T:PQRS:QRST		-1.84E+09	2.01E+09	-0.916	0.36000000	-5.79E+09	2.10E+09
P*T*PQRS*QRST	*	-4.72E+05	2.30E+05	-2.049	0.04100000	-9.23E+05	-2.04E+04
QRS:T:PQRS:QRST		2.97E+04	4.02E+04	0.738	0.46100000	-4.91E+04	1.08E+05
P:QRS:T:PQRS:QRST		1.45E+05	1.79E+05	0.806	0.42000000	-2.07E+05	4.96E+05
freqFW		0.9081	0.89	1.02	0.30800000	-0.837	2.653
P*freqFW	*	-8.27E+07	3.42E+07	-2.417	0.01600000	-1.50E+08	-1.56E+07
QRS*freqFW	*	-5.15E+09	7.13E+08	-7.211	0.00000000	-6.54E+09	-3.75E+09
P*QRS*freqFW	*	5.83E+10	1.48E+10	3.945	0.00000000	2.93E+10	8.72E+10
T*freqFW	*	-7.10E+08	8.62E+07	-8.233	0.00000000	-8.79E+08	-5.41E+08
P*T*freqFW	*	1.13E+10	2.83E+09	3.985	0.00000000	5.73E+09	1.68E+10
QRS:T:freqFW		6.86E+09	7.77E+09	0.882	0.37800000	-8.38E+09	2.21E+10
P*QRS*T*freqFW	*	5.07E+06	4.26E+05	11.905	0.00000000	4.23E+06	5.90E+06
PQRS*freqFW	*	1.34E+09	5.55E+08	2.417	0.01600000	2.53E+08	2.43E+09
P*PQRS*freqFW	*	2.22E+06	6.21E+05	3.583	0.00000000	1.01E+06	3.44E+06
QRS*PQRS*freqFW	*	2.32E+10	5.93E+09	3.916	0.00000000	1.16E+10	3.49E+10
P*QRS*PQRS*freqFW	*	-3.61E+11	9.43E+10	-3.832	0.00000000	-5.46E+11	-1.77E+11
T:PQRS:freqFW		-2.59E+09	7.52E+09	-0.344	0.73000000	-1.73E+10	1.21E+10
P*T*PQRS*freqFW	*	-6.73E+10	1.76E+10	-3.833	0.00000000	-1.02E+11	-3.29E+10
QRS:T:PQRS:freqFW		3.97E+05	5.09E+05	0.78	0.43600000	-6.01E+05	1.39E+06
P:QRS:T:PQRS:freqFW		1.78E+07	1.04E+07	1.711	0.08700000	-2.58E+06	3.82E+07
QRST*freqFW	*	3.86E+09	4.69E+08	8.233	0.00000000	2.94E+09	4.78E+09
P*QRST*freqFW	*	-5.85E+10	1.51E+10	-3.874	0.00000000	-8.80E+10	-2.89E+10
QRS:QRST:freqFW		7.94E+09	1.39E+10	0.569	0.56900000	-1.94E+10	3.53E+10
P*QRS*QRST*freqFW	*	1.33E+07	3.21E+06	4.149	0.00000000	7.03E+06	1.96E+07
T:QRST:freqFW		2.02E+05	1.21E+05	1.671	0.09500000	-3.49E+04	4.38E+05
P*T*QRST*freqFW	*	-5.25E+09	2.68E+09	-1.96	0.05000000	-1.05E+10	8.77E+05
QRS*T*QRST*freqFW	*	-8.45E+10	4.31E+10	-1.961	0.05000000	-1.69E+11	-3.09E+07
P*QRS*T*QRST*freqFW	*	-4.69E+07	1.09E+07	-4.302	0.00000000	-6.82E+07	-2.55E+07
PQRS*QRST*freqFW	*	-3.15E+10	1.49E+10	-2.114	0.03500000	-6.07E+10	-2.29E+09
P*PQRS*QRST*freqFW	*	3.66E+11	9.54E+10	3.832	0.00000000	1.79E+11	5.53E+11
QRS*PQRS*QRST*freqFW	*	9340.1482	987.071	9.462	0.00000000	7405.525	1.13E+04
P*QRS*PQRS*QRST*freqFW	*	-2.48E+06	6.28E+05	-3.955	0.00000000	-3.71E+06	-1.25E+06
T*PQRS*QRST*freqFW	*	8.52E+10	4.35E+10	1.961	0.05000000	3.20E+07	1.70E+11
P*T*PQRS*QRST*freqFW	*	2.22E+07	4.08E+06	5.428	0.00000000	1.42E+07	3.02E+07
QRS*T*PQRS*QRST*freqFW	*	-1.34E+06	2.73E+05	-4.906	0.00000000	-1.87E+06	-8.03E+05
P*QRS*T*PQRS*QRST*freqFW	*	1.26E+07	3.67E+06	3.423	0.00100000	5.37E+06	1.98E+07
